# Centroid Distance Matrix (Balanced Dataset)

Pairwise Euclidean distances between the six emotion centroids in the 768-dimensional embedding space.

| centroid | sadness | joy | love | anger | fear | surprise |
| --- | --- | --- | --- | --- | --- | --- |
| sadness | 0.0000 | 3.7960 | 3.5076 | 2.2246 | 2.6326 | 3.3102 |
| joy | 3.7960 | 0.0000 | 1.8768 | 4.1727 | 3.6558 | 2.7442 |
| love | 3.5076 | 1.8768 | 0.0000 | 3.8583 | 3.6862 | 3.0410 |
| anger | 2.2246 | 4.1727 | 3.8583 | 0.0000 | 3.0274 | 3.8255 |
| fear | 2.6326 | 3.6558 | 3.6862 | 3.0274 | 0.0000 | 2.8286 |
| surprise | 3.3102 | 2.7442 | 3.0410 | 3.8255 | 2.8286 | 0.0000 |

## Distance Range per Class

| class | min | max | 10th percentile | 90th percentile |
| --- | --- | --- | --- | --- |
| sadness | 7.2677 | 11.7901 | 8.1892 | 9.9540 |
| joy | 7.2764 | 12.2300 | 8.4089 | 10.2323 |
| love | 7.4410 | 11.3268 | 8.3463 | 10.1287 |
| anger | 7.3239 | 12.7078 | 8.1183 | 10.1098 |
| fear | 7.2804 | 12.7725 | 8.0197 | 9.9220 |
| surprise | 6.9517 | 11.9978 | 8.1185 | 10.0260 |
